{
	"asset": {
		"generator": "SOLIDWORKSGLTF",
		"version" : "2.0"
	},
"extensionsUsed": [ "KHR_lights_punctual", "Solidworks_custom_properties", "KHR_draco_mesh_compression"],
"extensionsRequired": [ "KHR_draco_mesh_compression" ],
	"scene" : 0,
	"scenes": [
		{
			"name": "Default - Display State-1",
			"nodes": [
				0, 1]
		}
	],
	"nodes": [
		{
			"matrix": [
				0.999838,					0.00435843,					0.0174869,					0,
				-0.000271582,					0.973849,					-0.227194,					0,
				-0.0180198,					0.227152,					0.973692,					0,
				-0.580698,					2.81434,					8.85668,					1
			]
			,"camera": 0
			,"name": "current"		}
,
		{
			"children": [
				2, 25, 26, 27, 29, 30, 31, 192, 214, 254, 255, 259, 262, 264
			]
			,"name": "0 - Anaerobic_Digester_TA_00"		}
,
		{
			"children": [
				3, 5, 16
			]
			,"matrix": [
				-0.707107,					1.16579e-17,					0.707107,					0,
				-7.47505e-17,					1,					-9.12372e-17,					0,
				-0.707107,					-1.17371e-16,					-0.707107,					0,
				0.353422,					0.438083,					0.310317,					1
			]
			,"name": "430-0-00_h2s filter with biogas outlet_00-1"		}
,
		{
			"children": [
				4
			]
			,"name": "Tube_1-430-0-00_h2s filter with biogas outlet_00-1"		}
,
		{
			"matrix": [
				0.707107,					7.18298e-17,					0.707107,					0,
				-0.707107,					-7.18298e-17,					0.707107,					0,
				1.01583e-16,					-1,					-6.16298e-33,					0,
				0.03048,					-0.185231,					0.230652,					1
			]
			,"mesh": 0
			,"name": "Tube-250X016_3^Tube_1-430-0-00_h2s filter with biogas outlet_00-1"		}
,
		{
			"children": [
				6, 7, 8, 9, 10, 11, 13, 14, 15
			]
			,"matrix": [
				-1.11022e-16,					-1.22465e-16,					1,					0,
				1,					8.39741e-18,					1.11022e-16,					0,
				-8.39741e-18,					1,					1.22465e-16,					0,
				-0.0339266,					-0.064516,					-0.0516694,					1
			]
			,"name": "430-0-00_biogass outside setup_01-1"		}
,
		{
			"matrix": [
				1,					0,					0,					0,
				0,					1,					0,					0,
				0,					0,					1,					0,
				0.0264599,					0.0522647,					0.0439449,					1
			]
			,"mesh": 1
			,"name": "1-4847K11_Brass on off valve_00-1"		}
,
		{
			"matrix": [
				0.955219,					0.295898,					2.46519e-32,					0,
				-0.295898,					0.955219,					2.46519e-32,					0,
				-1.62535e-32,					-3.08424e-32,					1,					0,
				0.0264599,					0.0522647,					0.0328096,					1
			]
			,"mesh": 2
			,"name": "1-0_fire maple lamp_0-1"		}
,
		{
			"matrix": [
				4.46865e-15,					0.339428,					0.940632,					0,
				-1,					1.32063e-14,					-1.48184e-17,					0,
				-1.24273e-14,					-0.940632,					0.339428,					0,
				0.0200147,					0.0190224,					0.0185703,					1
			]
			,"mesh": 3
			,"name": "1-B01KO7NVYK_ brass pressure relief valve_00-1"		}
,
		{
			"matrix": [
				1,					1.02141e-14,					5.55112e-17,					0,
				-1.77871e-15,					0.168786,					0.985653,					0,
				1.00581e-14,					-0.985653,					0.168786,					0,
				0.0664495,					0.0190224,					0.0185703,					1
			]
			,"mesh": 4
			,"name": "1-1878N1_0,25 check valve_00-1"		}
,
		{
			"matrix": [
				1,					0,					0,					0,
				0,					1,					0,					0,
				0,					0,					1,					0,
				0.0468329,					0.0190224,					0.0185703,					1
			]
			,"mesh": 5
			,"name": "1-5485K221_0,25 brass fitting Male x Male_0-1"		}
,
		{
			"children": [
				12
			]
			,"name": "Tube_1-430-0-00_biogass outside setup_01-003-1"		}
,
		{
			"matrix": [
				0.707107,					0.707107,					6.52692e-17,					0,
				-0.707107,					0.707107,					-8.485e-16,					0,
				-6.46132e-16,					5.53828e-16,					1,					0,
				0.0264599,					0.0522647,					0.0446586,					1
			]
			,"mesh": 6
			,"name": "Tube-1000X020^Tube_1-430-0-00_biogass outside setup_01-003-1"		}
,
		{
			"matrix": [
				-1,					-1.07137e-14,					-3.60822e-16,					0,
				8.00142e-15,					-0.768397,					0.639974,					0,
				-7.13371e-15,					0.639974,					0.768397,					0,
				0.0904438,					0.0190224,					0.0185703,					1
			]
			,"mesh": 7
			,"name": "1-52065K225_Push-to-Connect Tube Fitting for Air and Water_00-1"		}
,
		{
			"matrix": [
				1,					0,					0,					0,
				0,					1,					0,					0,
				0,					0,					1,					0,
				0.0264599,					0.0522647,					0.0497361,					1
			]
			,"mesh": 8
			,"name": "1-5346K349_Brass_Barbed_Hose_Fitting_,25npt_to_,75_00-1"		}
,
		{
			"matrix": [
				1,					0,					0,					0,
				0,					1,					0,					0,
				0,					0,					1,					0,
				0.0264599,					0.0190224,					0.0185703,					1
			]
			,"mesh": 9
			,"name": "1-4429K251_brass 0,25 tee pipe_00-1"		}
,
		{
			"children": [
				17, 18, 19, 20, 21, 22, 23, 24
			]
			,"matrix": [
				1,					-2.46519e-32,					-3.33067e-16,					0,
				3.33067e-16,					1.83697e-16,					1,					0,
				3.65315e-32,					-1,					1.83697e-16,					0,
				-0.0625532,					0.00124738,					0.176709,					1
			]
			,"name": "420-0-00_h2s filter_00-1"		}
,
		{
			"matrix": [
				-0.596268,					0.802786,					-4.12576e-17,					0,
				0.802786,					0.596268,					-2.01101e-17,					0,
				8.45647e-18,					-4.51121e-17,					-1,					0,
				0.0930332,					0.0539432,					0.149427,					1
			]
			,"mesh": 10
			,"name": "1-4880K85_1,5 adapter pipe female_00-1"		}
,
		{
			"matrix": [
				-0.923728,					-0.383049,					7.25407e-17,					0,
				-0.383049,					0.923728,					-3.00137e-17,					0,
				-5.55112e-17,					-5.55112e-17,					-1,					0,
				0.0930332,					0.0539432,					0.169719,					1
			]
			,"mesh": 11
			,"name": "420-1-01_1,5 plug threaded pipe modified_00-1"		}
,
		{
			"matrix": [
				1,					0,					0,					0,
				0,					1,					0,					0,
				0,					0,					1,					0,
				0.0930332,					0.0539432,					0.0883592,					1
			]
			,"mesh": 12
			,"name": "420-1-02_ Unthreaded Rigid PVC 1,5 cut_00-1"		}
,
		{
			"matrix": [
				1.89418e-16,					1.77976e-16,					-1,					0,
				3.33067e-16,					1,					1.77976e-16,					0,
				1,					-3.33067e-16,					1.89418e-16,					0,
				0.0930332,					0.0539432,					0.00954049,					1
			]
			,"mesh": 13
			,"name": "1-52065K638_Push-to-Connect Tube Fitting  thru wall 0,25_0-2"		}
,
		{
			"matrix": [
				1,					0,					0,					0,
				0,					1,					0,					0,
				0,					0,					1,					0,
				0.0930332,					0.0539432,					0.00699987,					1
			]
			,"mesh": 14
			,"name": "420-1-01_1,5 plug threaded pipe modified_00-2"		}
,
		{
			"matrix": [
				0.381849,					0.924225,					-2.57386e-17,					0,
				-0.924225,					0.381849,					-2.18447e-17,					0,
				-1.03611e-17,					3.21296e-17,					1,					0,
				0.0930332,					0.0539432,					0.0272913,					1
			]
			,"mesh": 15
			,"name": "1-4880K85_1,5 adapter pipe female_00-2"		}
,
		{
			"matrix": [
				-2.17647e-16,					-3.6207e-17,					1,					0,
				-0.383049,					0.923728,					-4.9924e-17,					0,
				-0.923728,					-0.383049,					-2.14916e-16,					0,
				0.0930332,					0.0539432,					0.167178,					1
			]
			,"mesh": 16
			,"name": "1-52065K638_Push-to-Connect Tube Fitting  thru wall 0,25_0-1"		}
,
		{
			"matrix": [
				1,					0,					-5.55112e-17,					0,
				-5.55112e-17,					5.55112e-17,					-1,					0,
				3.08149e-33,					1,					5.55112e-17,					0,
				0.0930332,					0.0539432,					0.0811901,					1
			]
			,"mesh": 17
			,"name": "420-1-03_filter holder_00-1"		}
,
		{
			"matrix": [
				0.468474,					-0.376389,					-0.799289,					0,
				-0.862733,					6.59195e-17,					-0.505659,					0,
				0.190325,					0.926462,					-0.324724,					0,
				0.184544,					0.371152,					0.108141,					1
			]
			,"mesh": 18
			,"name": "1-90107A011_10-32_316 SS_Washer_00-2"		}
,
		{
			"matrix": [
				0.854753,					-0.1357,					-0.500982,					0,
				0.117073,					0.99075,					-0.0686182,					0,
				0.505659,					-4.16334e-17,					0.862733,					0,
				0.109438,					0.371152,					0.186757,					1
			]
			,"mesh": 19
			,"name": "1-98164A180_10-32-0625LG_316_SS_Button_Hex_00-2"		}
,
		{
			"children": [
				28
			]
			,"name": "Tube_2-0 - Anaerobic_Digester_TA_00-1"		}
,
		{
			"matrix": [
				0.706827,					-0.0281124,					0.706827,					0,
				-0.706269,					0.0280901,					0.707386,					0,
				-0.0397412,					-0.99921,					2.88519e-16,					0,
				0.313861,					0.594022,					0.0994918,					1
			]
			,"mesh": 20
			,"name": "Tube-250X010^Tube_2-0 - Anaerobic_Digester_TA_00-1"		}
,
		{
			"matrix": [
				0.705907,					-0.574904,					-0.413741,					0,
				-0.505659,					9.39035e-17,					-0.862733,					0,
				0.495988,					0.818221,					-0.290705,					0,
				0.108141,					0.371152,					0.184544,					1
			]
			,"mesh": 21
			,"name": "1-90107A011_10-32_316 SS_Washer_00-1"		}
,
		{
			"matrix": [
				0.47068,					-0.365467,					-0.803053,					0,
				0.184802,					0.930824,					-0.3153,					0,
				0.862733,					-7.27255e-17,					0.505659,					0,
				0.186757,					0.371152,					0.109438,					1
			]
			,"mesh": 22
			,"name": "1-98164A180_10-32-0625LG_316_SS_Button_Hex_00-1"		}
,
		{
			"children": [
				32, 33, 34, 35, 36, 37, 175, 176, 177, 178, 179, 180, 181, 182, 183, 184, 185, 186, 187, 188, 189, 190, 191
			]
			,"name": "100-0-00_Main-Body_01-1"		}
,
		{
			"matrix": [
				0,					0,					1,					0,
				0,					1,					0,					0,
				-1,					0,					0,					0,
				0,					0.162296,					0,					1
			]
			,"mesh": 23
			,"name": "100-1-05_Heating-Tape_00-1"		}
,
		{
			"matrix": [
				-0.632099,					0.44822,					-0.632099,					0,
				-0.316939,					-0.893923,					-0.316939,					0,
				-0.707107,					-2.7478e-15,					0.707107,					0,
				-0.151605,					0.465144,					0.151605,					1
			]
			,"mesh": 24
			,"name": "1-98164A460_10-32-04375LG_316_SS_Button_Hex_00-8"		}
,
		{
			"matrix": [
				0.0222091,					-0.557813,					-0.829669,					0,
				0.999208,					0.039783,					1.20081e-16,					0,
				0.0330067,					-0.829012,					0.558255,					0,
				-0.224214,					0.465406,					0.041275,					1
			]
			,"mesh": 25
			,"name": "1-90257A411_10-32_316 SS_Hex_Nut_00-1"		}
,
		{
			"matrix": [
				-0.0397412,					-0.99921,					-5.46162e-18,					0,
				0.99921,					-0.0397412,					1.10935e-16,					0,
				-1.11064e-16,					-1.04863e-18,					1,					0,
				0.15009,					0.0391566,					0,					1
			]
			,"mesh": 26
			,"name": "1-32328_Uniseal-1_5in_00-1"		}
,
		{
			"matrix": [
				0.866025,					2.9976e-15,					0.5,					0,
				-0.0198706,					0.99921,					0.0344169,					0,
				-0.499605,					-0.0397412,					0.865341,					0,
				-0.0716472,					0.363654,					0.124097,					1
			]
			,"name": "1-36895K141_Tank Fitting for Air and Water _00-2"		}
,
		{
			"children": [
				38, 39, 40, 41, 42, 43, 44, 45, 46, 47, 48, 49, 50, 51, 52, 53, 54, 55, 56, 57, 58, 59, 60, 61, 62, 63, 64, 65, 66, 67, 68, 69, 70, 71, 72, 73, 74, 75, 76, 77, 78, 79, 80, 81, 82, 83, 84, 85, 86, 87, 88, 89, 90, 91, 92, 93, 94, 95, 96, 97, 98, 99, 100, 101, 102, 103, 104, 105, 106, 107, 108, 109, 110, 111, 117, 118, 124, 125, 126, 127, 128, 129, 130, 131, 132, 133, 134, 135, 141, 142, 143, 144, 150, 151, 152, 153, 154, 155, 156, 157, 158, 159, 160, 161, 162, 163, 164, 165, 166, 167, 168, 169, 170, 171, 172, 173, 174
			]
			,"matrix": [
				0,					0,					1,					0,
				0,					1,					0,					0,
				-1,					0,					0,					0,
				-1.13682e-17,					-0.028806,					1.18119e-18,					1
			]
			,"name": "120-0-12_Outer_Tank_01-1"		}
,
		{
			"matrix": [
				0.373495,					0.217813,					0.901698,					0,
				0.92388,					-1.77159e-16,					-0.382683,					0,
				-0.0833533,					0.975991,					-0.201233,					0,
				-0.191154,					0.49395,					0.0791785,					1
			]
			,"mesh": 27
			,"name": "1-90107A011_10-32_316 SS_Washer_00-82"		}
,
		{
			"matrix": [
				-0.373495,					0.217813,					0.901698,					0,
				0.92388,					-1.77159e-16,					0.382683,					0,
				0.0833533,					0.975991,					-0.201233,					0,
				-0.191154,					0.49395,					-0.0791785,					1
			]
			,"mesh": 28
			,"name": "1-90107A011_10-32_316 SS_Washer_00-81"		}
,
		{
			"matrix": [
				-0.0815739,					0.977017,					-0.196937,					0,
				-0.373888,					-0.213163,					-0.902646,					0,
				-0.92388,					-2.498e-16,					0.382683,					0,
				-0.193524,					0.49395,					0.0801602,					1
			]
			,"mesh": 29
			,"name": "1-98164A459_10-32_03125LG_316_SS_Button_Hex_00-71"		}
,
		{
			"matrix": [
				-0.901698,					0.217813,					-0.373495,					0,
				-0.382683,					-5.55112e-17,					0.92388,					0,
				0.201233,					0.975991,					0.0833533,					0,
				0.0794822,					0.49395,					-0.191887,					1
			]
			,"mesh": 30
			,"name": "1-90107A011_10-32_316 SS_Washer_00-80"		}
,
		{
			"matrix": [
				0.0815739,					0.977017,					-0.196937,					0,
				0.373888,					-0.213163,					-0.902646,					0,
				-0.92388,					-2.498e-16,					-0.382683,					0,
				-0.193524,					0.49395,					-0.0801602,					1
			]
			,"mesh": 31
			,"name": "1-98164A459_10-32_03125LG_316_SS_Button_Hex_00-70"		}
,
		{
			"matrix": [
				0.915887,					0.380006,					-0.129411,					0,
				0.376268,					-0.924984,					-0.053165,					0,
				-0.139906,					-1.29566e-08,					-0.990165,					0,
				-0.0294143,					0.145292,					-0.208187,					1
			]
			,"mesh": 32
			,"name": "1-98164A459_10-32_03125LG_316_SS_Button_Hex_00-63"		}
,
		{
			"matrix": [
				0.196937,					0.977017,					0.0815739,					0,
				0.902646,					-0.213163,					0.373888,					0,
				0.382683,					5.55112e-17,					-0.92388,					0,
				0.080464,					0.49395,					-0.194257,					1
			]
			,"mesh": 33
			,"name": "1-98164A459_10-32_03125LG_316_SS_Button_Hex_00-67"		}
,
		{
			"matrix": [
				-0.781833,					0.612822,					-0.114832,					0,
				-0.145312,					4.86889e-06,					0.989386,					0,
				0.606318,					0.790221,					0.0890469,					0,
				0.0301814,					0.145293,					-0.205477,					1
			]
			,"mesh": 34
			,"name": "1-90107A011_10-32_316 SS_Washer_00-64"		}
,
		{
			"matrix": [
				0.678529,					0.727783,					0.0996529,					0,
				0.720058,					-0.685808,					0.105759,					0,
				0.145312,					-4.86889e-06,					-0.989386,					0,
				0.0305542,					0.234447,					-0.208015,					1
			]
			,"mesh": 35
			,"name": "1-98164A459_10-32_03125LG_316_SS_Button_Hex_00-60"		}
,
		{
			"matrix": [
				-0.689074,					0.718121,					0.097363,					0,
				0.139906,					1.29566e-08,					0.990165,					0,
				0.711058,					0.695918,					-0.100469,					0,
				-0.0290554,					0.234446,					-0.205647,					1
			]
			,"mesh": 36
			,"name": "1-90107A011_10-32_316 SS_Washer_00-65"		}
,
		{
			"matrix": [
				0.915887,					0.380006,					-0.129411,					0,
				0.376268,					-0.924984,					-0.053165,					0,
				-0.139906,					-1.29566e-08,					-0.990165,					0,
				-0.0294143,					0.234446,					-0.208187,					1
			]
			,"mesh": 37
			,"name": "1-98164A459_10-32_03125LG_316_SS_Button_Hex_00-62"		}
,
		{
			"matrix": [
				-0.373495,					0.217813,					-0.901698,					0,
				-0.92388,					-5.55112e-17,					0.382683,					0,
				0.0833533,					0.975991,					0.201233,					0,
				0.191887,					0.49395,					-0.0794822,					1
			]
			,"mesh": 38
			,"name": "1-90107A011_10-32_316 SS_Washer_00-79"		}
,
		{
			"matrix": [
				-0.689074,					0.718121,					0.097363,					0,
				0.139906,					1.29566e-08,					0.990165,					0,
				0.711058,					0.695918,					-0.100469,					0,
				-0.0290554,					0.145292,					-0.205647,					1
			]
			,"mesh": 39
			,"name": "1-90107A011_10-32_316 SS_Washer_00-66"		}
,
		{
			"matrix": [
				0.678529,					0.727783,					0.0996529,					0,
				0.720058,					-0.685808,					0.105759,					0,
				0.145312,					-4.86889e-06,					-0.989386,					0,
				0.0305542,					0.145293,					-0.208015,					1
			]
			,"mesh": 40
			,"name": "1-98164A459_10-32_03125LG_316_SS_Button_Hex_00-61"		}
,
		{
			"matrix": [
				0.0815739,					0.977017,					0.196937,					0,
				0.373888,					-0.213163,					0.902646,					0,
				0.92388,					5.55112e-17,					-0.382683,					0,
				0.194257,					0.49395,					-0.080464,					1
			]
			,"mesh": 41
			,"name": "1-98164A459_10-32_03125LG_316_SS_Button_Hex_00-66"		}
,
		{
			"matrix": [
				-0.386126,					0.920831,					-0.0545563,					0,
				-0.911775,					-0.389961,					-0.128826,					0,
				-0.139902,					-1.91134e-08,					0.990165,					0,
				-0.029416,					0.17029,					0.208187,					1
			]
			,"mesh": 42
			,"name": "1-98164A459_10-32_03125LG_316_SS_Button_Hex_00-52"		}
,
		{
			"matrix": [
				0.0279785,					0.9996,					-0.00410954,					0,
				-0.988989,					0.0282787,					0.145265,					0,
				0.145324,					-1.88125e-08,					0.989384,					0,
				0.0305538,					0.271128,					0.208023,					1
			]
			,"mesh": 43
			,"name": "1-98164A459_10-32_03125LG_316_SS_Button_Hex_00-54"		}
,
		{
			"matrix": [
				0.859412,					0.496655,					0.121428,					0,
				0.139902,					1.91134e-08,					-0.990165,					0,
				-0.491771,					0.867948,					-0.069483,					0,
				-0.0290571,					0.371966,					0.205647,					1
			]
			,"mesh": 44
			,"name": "1-90107A011_10-32_316 SS_Washer_00-57"		}
,
		{
			"matrix": [
				0.859412,					0.496655,					0.121428,					0,
				0.139902,					1.91134e-08,					-0.990165,					0,
				-0.491771,					0.867948,					-0.069483,					0,
				-0.0290571,					0.271128,					0.205647,					1
			]
			,"mesh": 45
			,"name": "1-90107A011_10-32_316 SS_Washer_00-58"		}
,
		{
			"matrix": [
				0.859412,					0.496655,					0.121428,					0,
				0.139902,					1.91134e-08,					-0.990165,					0,
				-0.491771,					0.867948,					-0.069483,					0,
				-0.0290571,					0.17029,					0.205647,					1
			]
			,"mesh": 46
			,"name": "1-90107A011_10-32_316 SS_Washer_00-59"		}
,
		{
			"matrix": [
				0.0279785,					0.9996,					-0.00410954,					0,
				-0.988989,					0.0282787,					0.145265,					0,
				0.145324,					-1.88125e-08,					0.989384,					0,
				0.0305538,					0.17029,					0.208023,					1
			]
			,"mesh": 47
			,"name": "1-98164A459_10-32_03125LG_316_SS_Button_Hex_00-55"		}
,
		{
			"matrix": [
				0.0279785,					0.9996,					-0.00410954,					0,
				-0.988989,					0.0282787,					0.145265,					0,
				0.145324,					-1.88125e-08,					0.989384,					0,
				0.0305538,					0.371966,					0.208023,					1
			]
			,"mesh": 48
			,"name": "1-98164A459_10-32_03125LG_316_SS_Button_Hex_00-53"		}
,
		{
			"matrix": [
				0.927276,					0.348725,					-0.136201,					0,
				-0.145324,					1.88125e-08,					-0.989384,					0,
				-0.345023,					0.937225,					0.050678,					0,
				0.030181,					0.371966,					0.205485,					1
			]
			,"mesh": 49
			,"name": "1-90107A011_10-32_316 SS_Washer_00-60"		}
,
		{
			"matrix": [
				0.927276,					0.348725,					-0.136201,					0,
				-0.145324,					1.88125e-08,					-0.989384,					0,
				-0.345023,					0.937225,					0.050678,					0,
				0.030181,					0.271128,					0.205485,					1
			]
			,"mesh": 50
			,"name": "1-90107A011_10-32_316 SS_Washer_00-61"		}
,
		{
			"matrix": [
				0.927276,					0.348725,					-0.136201,					0,
				-0.145324,					1.88125e-08,					-0.989384,					0,
				-0.345023,					0.937225,					0.050678,					0,
				0.030181,					0.17029,					0.205485,					1
			]
			,"mesh": 51
			,"name": "1-90107A011_10-32_316 SS_Washer_00-62"		}
,
		{
			"matrix": [
				-0.781833,					0.612822,					-0.114832,					0,
				-0.145312,					4.86889e-06,					0.989386,					0,
				0.606318,					0.790221,					0.0890469,					0,
				0.0301814,					0.234447,					-0.205477,					1
			]
			,"mesh": 52
			,"name": "1-90107A011_10-32_316 SS_Washer_00-63"		}
,
		{
			"matrix": [
				-0.689074,					0.718121,					0.097363,					0,
				0.139906,					1.29566e-08,					0.990165,					0,
				0.711058,					0.695918,					-0.100469,					0,
				-0.0290554,					0.3236,					-0.205647,					1
			]
			,"mesh": 53
			,"name": "1-90107A011_10-32_316 SS_Washer_00-49"		}
,
		{
			"matrix": [
				-0.0347347,					0.999384,					-0.00510179,					0,
				0.988775,					0.0351073,					0.14523,					0,
				0.145319,					-1.45836e-08,					-0.989385,					0,
				0.0305555,					0.0210015,					-0.208023,					1
			]
			,"mesh": 54
			,"name": "1-98164A459_10-32_03125LG_316_SS_Button_Hex_00-42"		}
,
		{
			"matrix": [
				0.904034,					-2.36879e-17,					0.427461,					0,
				-0.427461,					-5.1207e-17,					0.904034,					0,
				4.74346e-19,					-1,					-5.64185e-17,					0,
				-0.0941502,					-0.00396875,					-0.0941502,					1
			]
			,"mesh": 55
			,"name": "1-98164A180_10-32-0625LG_316_SS_Button_Hex_00-19"		}
,
		{
			"matrix": [
				-0.0655545,					0.997803,					-0.00962856,					0,
				0.987211,					0.0662578,					0.145,					0,
				0.145319,					-1.45648e-08,					-0.989385,					0,
				0.0305555,					0.457119,					-0.208023,					1
			]
			,"mesh": 56
			,"name": "1-98164A459_10-32_03125LG_316_SS_Button_Hex_00-38"		}
,
		{
			"matrix": [
				-0.49274,					0.867387,					-0.0696199,					0,
				-0.858857,					-0.497634,					-0.121349,					0,
				-0.139902,					-1.90889e-08,					0.990165,					0,
				-0.029416,					0.019922,					0.208187,					1
			]
			,"mesh": 57
			,"name": "1-98164A459_10-32_03125LG_316_SS_Button_Hex_00-46"		}
,
		{
			"matrix": [
				0.851135,					5.93022e-17,					-0.524947,					0,
				-1.55476e-16,					1,					-1.39116e-16,					0,
				0.524947,					2.00023e-16,					0.851135,					0,
				-0.0941502,					-0.00140335,					-0.0941502,					1
			]
			,"mesh": 58
			,"name": "1-90107A011_10-32_316 SS_Washer_00-23"		}
,
		{
			"matrix": [
				0.373495,					0.217813,					-0.901698,					0,
				-0.92388,					-5.55112e-17,					-0.382683,					0,
				-0.0833533,					0.975991,					0.201233,					0,
				0.191887,					0.49395,					0.0794822,					1
			]
			,"mesh": 59
			,"name": "1-90107A011_10-32_316 SS_Washer_00-73"		}
,
		{
			"matrix": [
				-0.0821881,					0.996549,					0.0116128,					0,
				0.986748,					0.0830045,					-0.139423,					0,
				-0.139906,					-1.29103e-08,					-0.990165,					0,
				-0.0294143,					0.0210015,					-0.208187,					1
			]
			,"mesh": 60
			,"name": "1-98164A459_10-32_03125LG_316_SS_Button_Hex_00-40"		}
,
		{
			"matrix": [
				0.851135,					5.93022e-17,					-0.524947,					0,
				-1.55476e-16,					1,					-1.39116e-16,					0,
				0.524947,					2.00023e-16,					0.851135,					0,
				-0.12597,					-0.00140335,					-0.12597,					1
			]
			,"mesh": 61
			,"name": "1-90107A011_10-32_316 SS_Washer_00-22"		}
,
		{
			"matrix": [
				0.658473,					0,					-0.752604,					0,
				-1.11022e-16,					1,					-1.66533e-16,					0,
				0.752604,					1.22465e-16,					0.658473,					0,
				0.126537,					-0.00140335,					0.126537,					1
			]
			,"mesh": 62
			,"name": "1-90107A011_10-32_316 SS_Washer_00-9"		}
,
		{
			"matrix": [
				-0.386126,					0.920831,					-0.0545563,					0,
				-0.911775,					-0.389961,					-0.128826,					0,
				-0.139902,					-1.91051e-08,					0.990165,					0,
				-0.029416,					0.472804,					0.208187,					1
			]
			,"mesh": 63
			,"name": "1-98164A459_10-32_03125LG_316_SS_Button_Hex_00-48"		}
,
		{
			"matrix": [
				0.996901,					2.02146e-30,					0.0786644,					0,
				-0.0786644,					9.86076e-32,					0.996901,					0,
				2.00743e-30,					-1,					2.57319e-31,					0,
				0.126537,					-0.00396875,					0.126537,					1
			]
			,"mesh": 64
			,"name": "1-98164A180_10-32-0625LG_316_SS_Button_Hex_00-15"		}
,
		{
			"matrix": [
				0.245833,					0.873463,					0.420272,					0,
				0.863176,					-1.63765e-08,					-0.504904,					0,
				-0.441015,					0.486891,					-0.753952,					0,
				0.179075,					0.399969,					-0.104747,					1
			]
			,"mesh": 65
			,"name": "1-98560A578_10-32_Low-Profile_Rivet_Nut_00-37"		}
,
		{
			"matrix": [
				-0.86716,					0.482722,					0.122526,					0,
				0.139906,					1.2919e-08,					0.990165,					0,
				0.477974,					0.875774,					-0.0675356,					0,
				-0.0290554,					0.457119,					-0.205647,					1
			]
			,"mesh": 66
			,"name": "1-90107A011_10-32_316 SS_Washer_00-53"		}
,
		{
			"matrix": [
				-0.927276,					0.348725,					-0.136197,					0,
				-0.145319,					1.45648e-08,					0.989385,					0,
				0.345023,					0.937225,					0.0506765,					0,
				0.0301827,					0.457119,					-0.205484,					1
			]
			,"mesh": 67
			,"name": "1-90107A011_10-32_316 SS_Washer_00-55"		}
,
		{
			"matrix": [
				-0.781833,					0.612822,					-0.114832,					0,
				-0.145312,					4.86889e-06,					0.989386,					0,
				0.606318,					0.790221,					0.0890469,					0,
				0.0301814,					0.323601,					-0.205477,					1
			]
			,"mesh": 68
			,"name": "1-90107A011_10-32_316 SS_Washer_00-51"		}
,
		{
			"matrix": [
				-0.176022,					0.984072,					0.0248712,					0,
				0.974393,					0.177771,					-0.137677,					0,
				-0.139906,					-1.2919e-08,					-0.990165,					0,
				-0.0294143,					0.457119,					-0.208187,					1
			]
			,"mesh": 69
			,"name": "1-98164A459_10-32_03125LG_316_SS_Button_Hex_00-36"		}
,
		{
			"matrix": [
				0.678529,					0.727783,					0.0996529,					0,
				0.720058,					-0.685808,					0.105759,					0,
				0.145312,					-4.86889e-06,					-0.989386,					0,
				0.0305542,					0.323601,					-0.208015,					1
			]
			,"mesh": 70
			,"name": "1-98164A459_10-32_03125LG_316_SS_Button_Hex_00-58"		}
,
		{
			"matrix": [
				0.906525,					-2.33872e-17,					0.422153,					0,
				-0.422153,					-5.1345e-17,					0.906525,					0,
				4.74346e-19,					-1,					-5.64185e-17,					0,
				-0.12597,					-0.00396875,					-0.12597,					1
			]
			,"mesh": 71
			,"name": "1-98164A180_10-32-0625LG_316_SS_Button_Hex_00-17"		}
,
		{
			"matrix": [
				-0.901698,					0.217813,					0.373495,					0,
				0.382683,					-1.77159e-16,					0.92388,					0,
				0.201233,					0.975991,					-0.0833533,					0,
				-0.0791785,					0.49395,					-0.191154,					1
			]
			,"mesh": 72
			,"name": "1-90107A011_10-32_316 SS_Washer_00-67"		}
,
		{
			"matrix": [
				0.915887,					0.380006,					-0.129411,					0,
				0.376268,					-0.924984,					-0.053165,					0,
				-0.139906,					-1.29566e-08,					-0.990165,					0,
				-0.0294143,					0.3236,					-0.208187,					1
			]
			,"mesh": 73
			,"name": "1-98164A459_10-32_03125LG_316_SS_Button_Hex_00-56"		}
,
		{
			"matrix": [
				-0.899058,					5.49119e-18,					-0.437829,					0,
				0.437829,					-1.05478e-16,					-0.899058,					0,
				-5.11182e-17,					-1,					9.24267e-17,					0,
				0.0947175,					-0.00396875,					0.0947175,					1
			]
			,"mesh": 74
			,"name": "1-98164A180_10-32-0625LG_316_SS_Button_Hex_00-21"		}
,
		{
			"matrix": [
				-0.395215,					0.916752,					0.0580504,					0,
				-0.90702,					-0.399456,					0.133226,					0,
				0.145324,					-1.89625e-08,					0.989384,					0,
				0.0305538,					0.019922,					0.208023,					1
			]
			,"mesh": 75
			,"name": "1-98164A459_10-32_03125LG_316_SS_Button_Hex_00-44"		}
,
		{
			"matrix": [
				-0.0494894,					2.00568e-17,					0.998775,					0,
				-2.2553e-17,					-1,					1.89639e-17,					0,
				0.998775,					-2.15869e-17,					0.0494894,					0,
				0.0947175,					-0.00079375,					0.0947175,					1
			]
			,"mesh": 76
			,"name": "1-90107A011_10-32_316 SS_Washer_00-18"		}
,
		{
			"matrix": [
				-0.0815739,					0.977017,					0.196937,					0,
				-0.373888,					-0.213163,					0.902646,					0,
				0.92388,					5.55112e-17,					0.382683,					0,
				0.194257,					0.49395,					0.080464,					1
			]
			,"mesh": 77
			,"name": "1-98164A459_10-32_03125LG_316_SS_Button_Hex_00-64"		}
,
		{
			"matrix": [
				0.416096,					0.876143,					0.243389,					0,
				0.504903,					-1.8511e-08,					-0.863176,					0,
				-0.756266,					0.482052,					-0.442367,					0,
				0.104749,					0.399969,					-0.179075,					1
			]
			,"mesh": 78
			,"name": "1-98560A578_10-32_Low-Profile_Rivet_Nut_00-35"		}
,
		{
			"matrix": [
				0.196937,					0.977017,					-0.0815739,					0,
				0.902646,					-0.213163,					-0.373888,					0,
				-0.382683,					-2.498e-16,					-0.92388,					0,
				-0.0801602,					0.49395,					-0.193524,					1
			]
			,"mesh": 79
			,"name": "1-98164A459_10-32_03125LG_316_SS_Button_Hex_00-68"		}
,
		{
			"matrix": [
				-7.46625e-15,					6.1146e-17,					1,					0,
				8.21949e-17,					1,					-6.1146e-17,					0,
				-1,					8.21949e-17,					-7.46625e-15,					0,
				0.000361444,					0.5257,					-0.000147122,					1
			]
			,"mesh": 80
			,"name": "120-1-14_Outer_Tank_Grommet_01-1"		}
,
		{
			"matrix": [
				0,					0,					1,					0,
				0,					1,					0,					0,
				-1,					5.55112e-17,					0,					0,
				-7.84266e-16,					0.26535,					-8.58917e-16,					1
			]
			,"mesh": 81
			,"name": "120-1-04_Outer-Tank-Sheet_01-1"		}
,
		{
			"matrix": [
				0,					0,					-1,					0,
				0,					1,					0,					0,
				1,					0,					0,					0,
				-2.08167e-17,					0.26535,					6.93889e-18,					1
			]
			,"mesh": 82
			,"name": "120-1-03_Outer-Tank-Sheet_01-1"		}
,
		{
			"matrix": [
				1,					0,					0,					0,
				0,					1,					0,					0,
				0,					0,					1,					0,
				0,					-0.00079375,					0,					1
			]
			,"mesh": 83
			,"name": "120-1-11_Outer_Tank_Bottom_01-1"		}
,
		{
			"matrix": [
				0,					0,					-1,					0,
				0,					1,					0,					0,
				1,					0,					0,					0,
				-0.000518305,					0.5257,					3.21963e-05,					1
			]
			,"mesh": 84
			,"name": "120-1-13_Outer_Tank_Grommet_01-1"		}
,
		{
			"matrix": [
				0,					0,					-1,					0,
				0,					1,					0,					0,
				1,					0,					0,					0,
				1.07637e-14,					0.49395,					-7.97142e-15,					1
			]
			,"mesh": 85
			,"name": "120-1-20_Tank_Lateral_Brace_00-3"		}
,
		{
			"matrix": [
				0.859412,					0.496655,					0.121428,					0,
				0.139902,					1.91051e-08,					-0.990165,					0,
				-0.491771,					0.867948,					-0.069483,					0,
				-0.0290571,					0.472804,					0.205647,					1
			]
			,"mesh": 86
			,"name": "1-90107A011_10-32_316 SS_Washer_00-39"		}
,
		{
			"matrix": [
				-8.11386e-17,					4.71263e-16,					1,					0,
				5.55112e-17,					1,					-4.71263e-16,					0,
				-1,					5.55112e-17,					-8.11386e-17,					0,
				1.10737e-17,					0.49395,					-3.29178e-16,					1
			]
			,"mesh": 87
			,"name": "120-1-21_Tank_Lateral_Brace_00-3"		}
,
		{
			"matrix": [
				-0.706764,					-0.0311121,					0.706764,					0,
				0.707107,					2.44619e-16,					0.707107,					0,
				-0.0219996,					0.999516,					0.0219996,					0,
				-0.144746,					0.022855,					-0.144746,					1
			]
			,"mesh": 88
			,"name": "1-90107A011_10-32_316 SS_Washer_00-32"		}
,
		{
			"matrix": [
				-0.134603,					0.990702,					-0.0197704,					0,
				0.145319,					-1.45836e-08,					-0.989385,					0,
				-0.980186,					-0.136047,					-0.143968,					0,
				0.0300341,					0.0210015,					-0.204473,					1
			]
			,"mesh": 89
			,"name": "1-98560A578_10-32_Low-Profile_Rivet_Nut_00-25"		}
,
		{
			"matrix": [
				-0.706764,					-0.0311121,					0.706764,					0,
				0.707107,					3.5558e-16,					0.707107,					0,
				-0.0219996,					0.999516,					0.0219996,					0,
				-0.144746,					0.057145,					-0.144746,					1
			]
			,"mesh": 90
			,"name": "1-90107A011_10-32_316 SS_Washer_00-30"		}
,
		{
			"matrix": [
				0.655632,					0.749377,					0.0926352,					0,
				-0.139902,					-1.91051e-08,					0.990165,					0,
				0.742007,					-0.662144,					0.104839,					0,
				-0.0289141,					0.472804,					0.204634,					1
			]
			,"mesh": 91
			,"name": "1-98560A578_10-32_Low-Profile_Rivet_Nut_00-4"		}
,
		{
			"matrix": [
				0.706764,					-0.0311121,					-0.706764,					0,
				-0.707107,					2.1859e-16,					-0.707107,					0,
				0.0219996,					0.999516,					-0.0219996,					0,
				0.145313,					0.057145,					0.145313,					1
			]
			,"mesh": 92
			,"name": "1-90107A011_10-32_316 SS_Washer_00-26"		}
,
		{
			"matrix": [
				0.245084,					0.938013,					-0.245084,					0,
				-0.663275,					0.346601,					0.663275,					0,
				0.707107,					-2.77556e-16,					0.707107,					0,
				0.147127,					0.057145,					0.147127,					1
			]
			,"mesh": 93
			,"name": "1-98164A459_10-32_03125LG_316_SS_Button_Hex_00-25"		}
,
		{
			"matrix": [
				0.81951,					0.56028,					-0.120372,					0,
				0.145324,					-1.88885e-08,					0.989384,					0,
				0.554332,					-0.828304,					-0.0814218,					0,
				0.0300324,					0.472804,					0.204473,					1
			]
			,"mesh": 94
			,"name": "1-98560A578_10-32_Low-Profile_Rivet_Nut_00-1"		}
,
		{
			"matrix": [
				-0.309439,					-0.949914,					0.0437223,					0,
				-0.139906,					-1.2919e-08,					-0.990165,					0,
				0.940571,					-0.312513,					-0.132898,					0,
				-0.0289124,					0.457119,					-0.204635,					1
			]
			,"mesh": 95
			,"name": "1-98560A578_10-32_Low-Profile_Rivet_Nut_00-15"		}
,
		{
			"matrix": [
				0.562169,					0.82289,					0.0825706,					0,
				0.145319,					-1.45648e-08,					-0.989385,					0,
				-0.814155,					0.568201,					-0.119582,					0,
				0.0300341,					0.457119,					-0.204473,					1
			]
			,"mesh": 96
			,"name": "1-98560A578_10-32_Low-Profile_Rivet_Nut_00-17"		}
,
		{
			"matrix": [
				0.162329,					0.98647,					-0.0229364,					0,
				-0.139906,					-1.29103e-08,					-0.990165,					0,
				-0.976768,					0.163942,					0.138013,					0,
				-0.0289124,					0.0210015,					-0.204635,					1
			]
			,"mesh": 97
			,"name": "1-98560A578_10-32_Low-Profile_Rivet_Nut_00-23"		}
,
		{
			"matrix": [
				0.706638,					0.699921,					-0.103793,					0,
				0.145324,					-1.89625e-08,					0.989384,					0,
				0.692491,					-0.71422,					-0.101715,					0,
				0.0300324,					0.019922,					0.204473,					1
			]
			,"mesh": 98
			,"name": "1-98560A578_10-32_Low-Profile_Rivet_Nut_00-31"		}
,
		{
			"matrix": [
				0.74983,					0.653093,					-0.105948,					0,
				-0.139906,					-1.29566e-08,					-0.990165,					0,
				-0.646669,					0.757278,					0.0913714,					0,
				-0.0289124,					0.3236,					-0.204635,					1
			]
			,"mesh": 99
			,"name": "1-98560A578_10-32_Low-Profile_Rivet_Nut_00-19"		}
,
		{
			"children": [
				112, 113, 114, 115, 116
			]
			,"matrix": [
				0.707107,					3.15943e-16,					0.707107,					0,
				-2.10395e-16,					1,					-2.31211e-16,					0,
				-0.707107,					1.10397e-17,					0.707107,					0,
				-0.114119,					0.02525,					-0.114119,					1
			]
			,"name": "121-0-18_Tank_Support_00-3"		}
,
		{
			"mesh": 100
			,"name": "121-1-19_Tank_Support_Body_00-1"		}
,
		{
			"matrix": [
				0.982082,					9.45131e-17,					-0.188455,					0,
				1.01705e-16,					-1,					-2.40757e-17,					0,
				-0.188455,					2.92047e-18,					-0.982082,					0,
				0.02824,					-0.02525,					-1.11022e-16,					1
			]
			,"mesh": 101
			,"name": "1-92395A224_10-32_Brass_Inserts_00-2"		}
,
		{
			"matrix": [
				1.11022e-16,					-0.712248,					-0.701928,					0,
				-1,					-7.30688e-17,					-2.22045e-16,					0,
				5.55112e-17,					0.701928,					-0.712248,					0,
				-0.04191,					0.031895,					-4.30211e-16,					1
			]
			,"mesh": 102
			,"name": "1-92395A224_10-32_Brass_Inserts_00-5"		}
,
		{
			"matrix": [
				1,					3.6799e-18,					0,					0,
				-3.6799e-18,					-1,					-6.97928e-15,					0,
				0,					6.98664e-15,					-1,					0,
				-0.01676,					-0.02525,					-1.66533e-16,					1
			]
			,"mesh": 103
			,"name": "1-92395A224_10-32_Brass_Inserts_00-1"		}
,
		{
			"matrix": [
				1.38778e-16,					-0.930301,					-0.366796,					0,
				-1,					-1.07763e-16,					-2.22045e-16,					0,
				-1.11022e-16,					0.366796,					-0.930301,					0,
				-0.04191,					-0.002395,					-1.38778e-16,					1
			]
			,"mesh": 104
			,"name": "1-92395A224_10-32_Brass_Inserts_00-3"		}
,
		{
			"matrix": [
				0.620061,					0.779647,					0.0876092,					0,
				-0.139902,					-1.90889e-08,					0.990165,					0,
				0.771979,					-0.626219,					0.109074,					0,
				-0.0289141,					0.019922,					0.204634,					1
			]
			,"mesh": 105
			,"name": "1-98560A578_10-32_Low-Profile_Rivet_Nut_00-33"		}
,
		{
			"children": [
				119, 120, 121, 122, 123
			]
			,"matrix": [
				-0.707107,					1.66533e-16,					-0.707107,					0,
				8.32667e-17,					1,					1.11022e-16,					0,
				0.707107,					1.66533e-16,					-0.707107,					0,
				0.114686,					0.02525,					0.114686,					1
			]
			,"name": "121-0-18_Tank_Support_00-1"		}
,
		{
			"mesh": 106
			,"name": "121-1-19_Tank_Support_Body_00-1"		}
,
		{
			"matrix": [
				0.982082,					9.11483e-17,					-0.188455,					0,
				7.62341e-17,					-1,					-1.74663e-16,					0,
				-0.188455,					-1.49769e-16,					-0.982082,					0,
				0.02824,					-0.02525,					-9.71445e-17,					1
			]
			,"mesh": 107
			,"name": "1-92395A224_10-32_Brass_Inserts_00-2"		}
,
		{
			"matrix": [
				5.55112e-17,					-0.712248,					-0.701928,					0,
				-1,					2.00738e-17,					-1.11022e-16,					0,
				0,					0.701928,					-0.712248,					0,
				-0.04191,					0.031895,					-4.02456e-16,					1
			]
			,"mesh": 108
			,"name": "1-92395A224_10-32_Brass_Inserts_00-5"		}
,
		{
			"matrix": [
				1,					2.91504e-17,					1.11022e-16,					0,
				2.91504e-17,					-1,					-7.12987e-15,					0,
				1.11022e-16,					7.12987e-15,					-1,					0,
				-0.01676,					-0.02525,					-1.52656e-16,					1
			]
			,"mesh": 109
			,"name": "1-92395A224_10-32_Brass_Inserts_00-1"		}
,
		{
			"matrix": [
				2.77556e-17,					-0.930301,					-0.366796,					0,
				-1,					6.48602e-17,					-2.40174e-16,					0,
				2.47225e-16,					0.366796,					-0.930301,					0,
				-0.04191,					-0.002395,					-1.249e-16,					1
			]
			,"mesh": 110
			,"name": "1-92395A224_10-32_Brass_Inserts_00-3"		}
,
		{
			"matrix": [
				0.705344,					-0.0705763,					-0.705344,					0,
				-0.707107,					2.25962e-16,					-0.707107,					0,
				0.049905,					0.997506,					-0.049905,					0,
				0.145313,					0.022855,					0.145313,					1
			]
			,"mesh": 111
			,"name": "1-90107A011_10-32_316 SS_Washer_00-28"		}
,
		{
			"matrix": [
				-0.245084,					0.938013,					0.245084,					0,
				0.663275,					0.346601,					-0.663275,					0,
				-0.707107,					-1.42247e-16,					-0.707107,					0,
				-0.14656,					0.022855,					-0.14656,					1
			]
			,"mesh": 112
			,"name": "1-98164A459_10-32_03125LG_316_SS_Button_Hex_00-28"		}
,
		{
			"matrix": [
				0.927276,					0.348725,					-0.136201,					0,
				-0.145324,					1.88885e-08,					-0.989384,					0,
				-0.345023,					0.937225,					0.050678,					0,
				0.030181,					0.472804,					0.205485,					1
			]
			,"mesh": 113
			,"name": "1-90107A011_10-32_316 SS_Washer_00-38"		}
,
		{
			"matrix": [
				0.0279785,					0.9996,					-0.00410954,					0,
				-0.988989,					0.0282787,					0.145265,					0,
				0.145324,					-1.88885e-08,					0.989384,					0,
				0.0305538,					0.472804,					0.208023,					1
			]
			,"mesh": 114
			,"name": "1-98164A459_10-32_03125LG_316_SS_Button_Hex_00-35"		}
,
		{
			"matrix": [
				0.467916,					0.749739,					-0.467916,					0,
				-0.530146,					0.661733,					0.530146,					0,
				0.707107,					-1.66533e-16,					0.707107,					0,
				0.147127,					0.022855,					0.147127,					1
			]
			,"mesh": 115
			,"name": "1-98164A459_10-32_03125LG_316_SS_Button_Hex_00-24"		}
,
		{
			"matrix": [
				0.662924,					-0.742328,					0.0973683,					0,
				0.145312,					-4.86889e-06,					-0.989386,					0,
				0.734449,					0.670037,					0.107866,					0,
				0.0300328,					0.323601,					-0.204465,					1
			]
			,"mesh": 116
			,"name": "1-98560A578_10-32_Low-Profile_Rivet_Nut_00-21"		}
,
		{
			"matrix": [
				-0.245084,					0.938013,					0.245084,					0,
				0.663275,					0.346601,					-0.663275,					0,
				-0.707107,					-3.19189e-16,					-0.707107,					0,
				-0.14656,					0.057145,					-0.14656,					1
			]
			,"mesh": 117
			,"name": "1-98164A459_10-32_03125LG_316_SS_Button_Hex_00-26"		}
,
		{
			"matrix": [
				0.768618,					0.629667,					-0.112897,					0,
				-0.145324,					1.89625e-08,					-0.989384,					0,
				-0.622983,					0.776865,					0.0915055,					0,
				0.030181,					0.019922,					0.205485,					1
			]
			,"mesh": 118
			,"name": "1-90107A011_10-32_316 SS_Washer_00-41"		}
,
		{
			"matrix": [
				0.717547,					0.689092,					0.101383,					0,
				0.139902,					1.90889e-08,					-0.990165,					0,
				-0.682315,					0.724674,					-0.0964052,					0,
				-0.0290571,					0.019922,					0.205647,					1
			]
			,"mesh": 119
			,"name": "1-90107A011_10-32_316 SS_Washer_00-43"		}
,
		{
			"matrix": [
				-0.444958,					0.893342,					0.0628705,					0,
				0.139906,					1.29103e-08,					0.990165,					0,
				0.884556,					0.449378,					-0.124984,					0,
				-0.0290554,					0.0210015,					-0.205647,					1
			]
			,"mesh": 120
			,"name": "1-90107A011_10-32_316 SS_Washer_00-45"		}
,
		{
			"matrix": [
				-0.587901,					0.804311,					-0.0863501,					0,
				-0.145319,					1.45836e-08,					0.989385,					0,
				0.795773,					0.594209,					0.116882,					0,
				0.0301827,					0.0210015,					-0.205484,					1
			]
			,"mesh": 121
			,"name": "1-90107A011_10-32_316 SS_Washer_00-47"		}
,
		{
			"children": [
				136, 137, 138, 139, 140
			]
			,"matrix": [
				-0.707107,					1.66533e-16,					0.707107,					0,
				1.11022e-16,					1,					-8.32667e-17,					0,
